0.0025 1.03009
0.00444691 1.03798
0.00696846 1.03798
0.0103637 1.03798
0.0141955 1.03798
0.0188212 1.03798
0.0236594 1.03798
0.0291578 1.03798
0.0346706 1.03798
0.0376995 1.05029
0.0418648 1.05029
0.0460501 1.05029
0.0486878 1.06104
0.0521676 1.06104
0.0561128 1.06104
0.0608015 1.06104
0.0657398 1.06104
0.0712789 1.06104
0.0768783 1.06104
0.0799192 1.07345
0.0820323 1.08209
0.0849215 1.08209
0.0884374 1.08209
0.0926543 1.08209
0.0973214 1.08209
0.102529 1.08209
0.107997 1.08209
0.113858 1.08209
0.119834 1.08209
0.126097 1.08209
0.132378 1.08209
0.135628 1.09538
0.137911 1.10471
0.140902 1.10471
0.144608 1.10471
0.148902 1.10471
0.153755 1.10471
0.15901 1.10471
0.164652 1.10471
0.170536 1.10471
0.176676 1.10471
0.182945 1.10471
0.189384 1.10471
0.19588 1.10471
0.202493 1.10471
0.209121 1.10471
0.212477 1.11842
0.214853 1.12809
0.217906 1.12809
0.221727 1.12809
0.226083 1.12809
0.231062 1.12809
0.236375 1.12809
0.242148 1.12809
0.248086 1.12809
0.254359 1.12809
0.260679 1.12809
0.263965 1.14144
0.266282 1.1508
0.26933 1.1508
0.273115 1.1508
0.277512 1.1508
0.282485 1.1508
0.287879 1.1508
0.293674 1.1508
0.299722 1.1508
0.306035 1.1508
0.312485 1.1508
0.319109 1.1508
0.325796 1.1508
0.332601 1.1508
0.339425 1.1508
0.34288 1.1647
0.345301 1.17436
0.348389 1.17436
0.35222 1.17436
0.356572 1.17436
0.361519 1.17436
0.366792 1.17436
0.3725 1.17436
0.378371 1.17436
0.384556 1.17436
0.390792 1.17436
0.394027 1.18719
0.396273 1.19601
0.399205 1.19601
0.4028 1.19601
0.406964 1.19601
0.411635 1.19601
0.416701 1.19601
0.422108 1.19601
0.427762 1.19601
0.433632 1.19601
0.439645 1.19601
0.445792 1.19601
0.452016 1.19601
0.458325 1.19601
0.464672 1.19601
0.471073 1.19601
0.47749 1.19601
0.483944 1.19601
0.4904 1.19601
0.493642 1.20864
0.495904 1.21733
0.498776 1.21733
0.502333 1.21733
0.506363 1.21733
0.510939 1.21733
0.515807 1.21733
0.521077 1.21733
0.52649 1.21733
0.532193 1.21733
0.537937 1.21733
0.540919 1.22868
0.54299 1.23645
0.545699 1.23645
0.549021 1.23645
0.552873 1.23645
0.557195 1.23645
0.561884 1.23645
0.566891 1.23645
0.572127 1.23645
0.577564 1.23645
0.583134 1.23645
0.588829 1.23645
0.594595 1.23645
0.600441 1.23645
0.606321 1.23645
0.612252 1.23645
0.618198 1.23645
0.624178 1.23645
0.63016 1.23645
0.633164 1.24759
0.635264 1.25524
0.637932 1.25524
0.641241 1.25524
0.64499 1.25524
0.649252 1.25524
0.653785 1.25524
0.658697 1.25524
0.663739 1.25524
0.669057 1.25524
0.67441 1.25524
0.67719 1.26523
0.679124 1.27205
0.681655 1.27205
0.684762 1.27205
0.688368 1.27205
0.692414 1.27205
0.696807 1.27205
0.701498 1.27205
0.706404 1.27205
0.7115 1.27205
0.716721 1.27205
0.722059 1.27205
0.727465 1.27205
0.732945 1.27205
0.738458 1.27205
0.744019 1.27205
0.749593 1.27205
0.7552 1.27205
0.760809 1.27205
0.763626 1.28183
0.765598 1.28853
0.768104 1.28853
0.771217 1.28853
0.774743 1.28853
0.778757 1.28853
0.783025 1.28853
0.787652 1.28853
0.792401 1.28853
0.797413 1.28853
0.802456 1.28853
0.805076 1.29727
0.806901 1.30322
0.809291 1.30322
0.812227 1.30322
0.815637 1.30322
0.819464 1.30322
0.82362 1.30322
0.828059 1.30322
0.832703 1.30322
0.837526 1.30322
0.842469 1.30322
0.847523 1.30322
0.852642 1.30322
0.85783 1.30322
0.863051 1.30322
0.868316 1.30322
0.873595 1.30322
0.878903 1.30322
0.884215 1.30322
0.886882 1.31175
0.888752 1.31756
0.891129 1.31756
0.894085 1.31756
0.897434 1.31756
0.901249 1.31756
0.905304 1.31756
0.909705 1.31756
0.914219 1.31756
0.918986 1.31756
0.92378 1.31756 
0.926273 1.32516
0.928009 1.33029
0.930287 1.33029
0.933086 1.33029
0.936338 1.33029
0.939989 1.33029
0.943956 1.33029
0.948192 1.33029
0.952627 1.33029
0.957231 1.33029
0.961951 1.33029
0.966776 1.33029
0.971665 1.33029
0.976618 1.33029
0.981605 1.33029
0.986632 1.33029
0.991674 1.33029
0.996743 1.33029
1.00182 1.33029
