0.004          1.004           1.006           0.996           
0.00800004          1.00801           1.012           0.99196           
0.0120003          1.01202           1.018           0.987879           
0.0160009          1.01605           1.024           0.983758           
0.0200019          1.02008           1.03           0.979595           
0.0240037          1.02412           1.036           0.97539           
0.0280063          1.02816           1.04199           0.971144           
0.03201          1.03221           1.04799           0.966854           
0.0360148          1.03627           1.05399           0.962522           
0.0400209          1.04033           1.05998           0.958147           
0.0440287          1.0444           1.06597           0.953727           
0.0480381          1.04848           1.07196           0.949263           
0.0520494          1.05256           1.07795           0.944755           
0.0560629          1.05665           1.08394           0.940201           
0.0600787          1.06074           1.08992           0.935602           
0.0640969          1.06484           1.0959           0.930956           
0.0681178          1.06894           1.10188           0.926264           
0.0721417          1.07305           1.10786           0.921524           
0.0761687          1.07716           1.11383           0.916737           
0.080199          1.08127           1.1198           0.911902           
0.0842328          1.08539           1.12577           0.907018           
0.0882704          1.08952           1.13173           0.902084           
0.092312          1.09364           1.13769           0.8971           
0.0963579          1.09777           1.14364           0.892067           
0.100408          1.1019           1.14959           0.886982           
0.104463          1.10604           1.15554           0.881845           
0.108523          1.11018           1.16148           0.876656           
0.112589          1.11432           1.16741           0.871414           
0.116659          1.11846           1.17334           0.866118           
0.120736          1.1226           1.17926           0.860769           
0.124818          1.12674           1.18518           0.855364           
0.128907          1.13089           1.19109           0.849904           
0.133003          1.13503           1.197           0.844387           
0.137105          1.13918           1.20289           0.838814           
0.141215          1.14333           1.20879           0.833182           
0.145332          1.14747           1.21467           0.827492           
0.149457          1.15162           1.22054           0.821743           
0.15359          1.15577           1.22641           0.815933           
0.157731          1.15991           1.23227           0.810063           
0.161882          1.16405           1.23812           0.804131           
0.166041          1.16819           1.24396           0.798136           
0.170211          1.17233           1.24979           0.792077           
0.17439          1.17647           1.25561           0.785954           
0.178579          1.1806           1.26142           0.779765           
0.182779          1.18474           1.26722           0.773511           
0.18699          1.18886           1.27301           0.767188           
0.191213          1.19299           1.27879           0.760797           
0.195448          1.19711           1.28455           0.754337           
0.199695          1.20122           1.29031           0.747806           
0.203955          1.20533           1.29605           0.741203           
0.208228          1.20944           1.30177           0.734527           
0.212515          1.21354           1.30748           0.727778           
0.216817          1.21763           1.31318           0.720953           
0.221133          1.22172           1.31887           0.714051           
0.225465          1.2258           1.32454           0.707071           
0.229813          1.22987           1.33019           0.700012           
0.234177          1.23393           1.33582           0.692873           
0.238558          1.23799           1.34144           0.685651           
0.242957          1.24203           1.34704           0.678346           
0.247374          1.24607           1.35263           0.670955           
0.251811          1.2501           1.35819           0.663478           
0.256267          1.25411           1.36373           0.655912           
0.260743          1.25812           1.36926           0.648256           
0.265241          1.26211           1.37476           0.640508           
0.269761          1.26609           1.38024           0.632666           
0.274303          1.27005           1.3857           0.624728           
0.278869          1.27401           1.39113           0.616693           
0.283459          1.27795           1.39654           0.608557           
0.288075          1.28187           1.40193           0.60032           
0.292717          1.28577           1.40728           0.591978           
0.297386          1.28966           1.41261           0.583529           
0.302083          1.29354           1.41792           0.574971           
0.30681          1.29739           1.42319           0.566302           
0.311567          1.30122           1.42843           0.557518           
0.316356          1.30504           1.43364           0.548617           
0.321178          1.30883           1.43882           0.539596           
0.326034          1.3126           1.44397           0.530451           
0.330925          1.31635           1.44907           0.52118           
0.335853          1.32007           1.45415           0.51178           
0.34082          1.32377           1.45918           0.502246           
0.345827          1.32743           1.46417           0.492574           
0.350876          1.33108           1.46912           0.482762           
0.355967          1.33469           1.47403           0.472805           
0.361105          1.33827           1.4789           0.462698           
0.366289          1.34181           1.48371           0.452437           
0.371523          1.34533           1.48848           0.442017           
0.376809          1.34881           1.49319           0.431433           
0.382148          1.35225           1.49785           0.420679           
0.387544          1.35565           1.50246           0.40975           
0.392999          1.359           1.507           0.39864           
0.398515          1.36232           1.51148           0.387341           
0.404097          1.36559           1.5159           0.375847           
0.409747          1.3688           1.52025           0.364151           
0.415469          1.37197           1.52453           0.352244           
0.421267          1.37509           1.52873           0.340118           
0.427144          1.37814           1.53286           0.327764           
0.433105          1.38114           1.5369           0.315171           
0.439155          1.38407           1.54085           0.30233           
0.445298          1.38693           1.5447           0.289227           
0.451542          1.38972           1.54846           0.275852           
0.457891          1.39243           1.55211           0.262189           
0.464352          1.39506           1.55565           0.248224           
0.470934          1.3976           1.55907           0.233941           
0.477643          1.40005           1.56236           0.219322           
0.48449          1.40239           1.56551           0.204346           
0.491483          1.40463           1.56852           0.188991           
0.498635          1.40675           1.57136           0.173234           
0.505959          1.40875           1.57404           0.157046           
0.513467          1.4106           1.57653           0.140397           
0.521177          1.41231           1.57882           0.123252           
0.529106          1.41385           1.58089           0.10557           
0.537277          1.41521           1.58272           0.0873077           
0.545713          1.41638           1.58429           0.0684111           
0.554444          1.41733           1.58556           0.0488191           
0.563504          1.41803           1.5865           0.0284597           
0.572933          1.41845           1.58707           0.00724685           
0.582781          1.41857           1.58722           -0.0149231           
0.592474          1.41834           1.58691           -0.0367459           
0.601748          1.4178           1.58619           -0.0576217           
0.610657          1.41698           1.58509           -0.0776555           
0.61924          1.41593           1.58368           -0.096934           
0.627533          1.41465           1.58197           -0.115529           
0.635564          1.41318           1.58           -0.133503           
0.643358          1.41154           1.5778           -0.150906           
0.650937          1.40974           1.57537           -0.167784           
0.658318          1.40779           1.57276           -0.184177           
0.665518          1.4057           1.56996           -0.200118           
0.67255          1.40349           1.56699           -0.215638           
0.679428          1.40117           1.56387           -0.230764           
0.686162          1.39874           1.5606           -0.24552           
0.692762          1.39621           1.5572           -0.259927           
0.699237          1.39359           1.55367           -0.274005           
0.705595          1.39088           1.55003           -0.287771           
0.711844          1.38809           1.54628           -0.301243           
0.717989          1.38523           1.54243           -0.314433           
0.724038          1.3823           1.53848           -0.327356           
0.729995          1.3793           1.53443           -0.340024           
0.735865          1.37623           1.5303           -0.352448           
0.741653          1.37311           1.52609           -0.364639           
0.747364          1.36993           1.5218           -0.376606           
0.753002          1.3667           1.51744           -0.388359           
0.758569          1.36342           1.51301           -0.399905           
0.76407          1.36009           1.50851           -0.411253           
0.769508          1.35672           1.50395           -0.422409           
0.774885          1.3533           1.49932           -0.433381           
0.780205          1.34985           1.49464           -0.444176           
0.78547          1.34635           1.48991           -0.454798           
0.790682          1.34282           1.48512           -0.465254           
0.795845          1.33925           1.48028           -0.475549           
0.800959          1.33565           1.4754           -0.485687           
0.806027          1.33202           1.47046           -0.495675           
0.811051          1.32836           1.46549           -0.505516           
0.816033          1.32467           1.46047           -0.515214           
0.820975          1.32095           1.45541           -0.524774           
0.825877          1.31721           1.45031           -0.534199           
0.830742          1.31344           1.44518           -0.543493           
0.835571          1.30964           1.44001           -0.552659           
0.840366          1.30583           1.4348           -0.561702           
0.845127          1.30199           1.42956           -0.570623           
0.849857          1.29813           1.42429           -0.579425           
0.854555          1.29425           1.41899           -0.588113           
0.859224          1.29036           1.41366           -0.596688           
0.863865          1.28644           1.4083           -0.605153           
0.868478          1.28251           1.40292           -0.61351           
0.873065          1.27856           1.3975           -0.621763           
0.877626          1.2746           1.39206           -0.629913           
0.882162          1.27062           1.3866           -0.637962           
0.886675          1.26663           1.38111           -0.645913           
0.891165          1.26263           1.3756           -0.653767           
0.895633          1.25861           1.37007           -0.661527           
0.90008          1.25458           1.36452           -0.669195           
0.904506          1.25054           1.35894           -0.676772           
0.908912          1.24648           1.35335           -0.68426           
0.913299          1.24242           1.34774           -0.691661           
0.917668          1.23835           1.34211           -0.698976           
0.922019          1.23427           1.33646           -0.706207           
0.926352          1.23018           1.33079           -0.713356           
0.93067          1.22608           1.32511           -0.720424           
0.934971          1.22197           1.31941           -0.727412           
0.939257          1.21786           1.31369           -0.734322           
0.943527          1.21374           1.30796           -0.741155           
0.947784          1.20961           1.30222           -0.747912           
0.952027          1.20548           1.29646           -0.754595           
0.956256          1.20134           1.29069           -0.761205           
0.960472          1.1972           1.28491           -0.767742           
0.964676          1.19305           1.27911           -0.774209           
0.968868          1.1889           1.27331           -0.780606           
0.973049          1.18475           1.26749           -0.786935           
0.977218          1.18059           1.26166           -0.793196           
0.981376          1.17643           1.25581           -0.79939           
0.985525          1.17226           1.24996           -0.805519           
0.989663          1.1681           1.2441           -0.811582           
0.993792          1.16393           1.23823           -0.817582           
0.997912          1.15976           1.23235           -0.82352           
1          1.15558           1.22646           -0.829395           
